[gd_scene load_steps=18 format=3 uid="uid://b80x6jbybg3um"]

[ext_resource type="Script" path="res://assets/scripts/main_scene.gd" id="1_n8xh5"]
[ext_resource type="PackedScene" uid="uid://ba4h1m2enqy7p" path="res://scenes/player.tscn" id="1_tdgbu"]
[ext_resource type="PackedScene" uid="uid://dya58cl87xlka" path="res://scenes/art_hit_zone.tscn" id="3_bpel4"]
[ext_resource type="Script" path="res://assets/scripts/obstacle_spawner.gd" id="3_o2uc5"]
[ext_resource type="Script" path="res://assets/scripts/object_killer.gd" id="4_0htb0"]
[ext_resource type="PackedScene" uid="uid://bp0ntpchfs8ol" path="res://scenes/pause_menu.tscn" id="4_schgf"]
[ext_resource type="PackedScene" uid="uid://mo1lj4emirsx" path="res://assets/environment/environment_museum.blend" id="4_xrtnw"]
[ext_resource type="Script" path="res://assets/scripts/trash_zone.gd" id="7_718g0"]
[ext_resource type="PackedScene" uid="uid://cw6077k7xcsam" path="res://scenes/gui.tscn" id="8_3hmxi"]
[ext_resource type="PackedScene" uid="uid://bsty4gq5mr6ub" path="res://scenes/glow.tscn" id="8_snl1h"]
[ext_resource type="FontFile" uid="uid://doj8ivgwl3pm5" path="res://Organo.ttf" id="10_51xud"]

[sub_resource type="ProceduralSkyMaterial" id="ProceduralSkyMaterial_7462p"]

[sub_resource type="Sky" id="Sky_aodj5"]
sky_material = SubResource("ProceduralSkyMaterial_7462p")

[sub_resource type="Environment" id="Environment_fdkk3"]
background_energy_multiplier = 0.5
sky = SubResource("Sky_aodj5")
sdfgi_use_occlusion = true
sdfgi_min_cell_size = 0.488281
sdfgi_cascade0_distance = 31.25
sdfgi_max_distance = 500.0
sdfgi_energy = 3.0

[sub_resource type="BoxShape3D" id="BoxShape3D_gdybt"]
size = Vector3(80, 5, 80)

[sub_resource type="CylinderShape3D" id="CylinderShape3D_iiq1s"]
height = 2.88194
radius = 2.40631

[sub_resource type="Theme" id="Theme_koqp0"]
resource_local_to_scene = true
Button/font_sizes/font_size = 42
Button/fonts/font = ExtResource("10_51xud")
Label/fonts/font = ExtResource("10_51xud")

[node name="World" type="Node3D"]
script = ExtResource("1_n8xh5")

[node name="WorldEnvironment" type="WorldEnvironment" parent="."]
environment = SubResource("Environment_fdkk3")

[node name="Lights" type="Node" parent="."]

[node name="OmniLight3D" type="OmniLight3D" parent="Lights"]
transform = Transform3D(1, 0, 0, 0, 1, 0, 0, 0, 1, -5.54667, 7.23391, 13.2056)
light_energy = 1.604
shadow_enabled = true
omni_range = 14.8086

[node name="OmniLight3D2" type="OmniLight3D" parent="Lights"]
transform = Transform3D(1, 0, 0, 0, 1, 0, 0, 0, 1, 4.13946, 7.42873, -12.6484)
light_energy = 1.604
shadow_enabled = true
omni_range = 14.8086

[node name="OmniLight3D3" type="OmniLight3D" parent="Lights"]
transform = Transform3D(1, 0, 0, 0, 1, 0, 0, 0, 1, 4.6995, 7.23391, 13.2056)
light_energy = 1.604
shadow_enabled = true
omni_range = 14.8086

[node name="OmniLight3D4" type="OmniLight3D" parent="Lights"]
transform = Transform3D(1, 0, 0, 0, 1, 0, 0, 0, 1, -3.71367, 7.42873, -1.25269)
light_energy = 1.604
shadow_enabled = true
omni_range = 14.8086

[node name="OmniLight3D5" type="OmniLight3D" parent="Lights"]
transform = Transform3D(1, 0, 0, 0, 1, 0, 0, 0, 1, -2.76247, 7.42873, -12.506)
light_energy = 1.604
shadow_enabled = true
omni_range = 14.8086

[node name="OmniLight3D6" type="OmniLight3D" parent="Lights"]
transform = Transform3D(1, 0, 0, 0, 1, 0, 0, 0, 1, 5.25979, 7.42873, -1.25269)
light_energy = 1.604
shadow_enabled = true
omni_range = 14.8086

[node name="SpotLight3D" type="SpotLight3D" parent="Lights"]
transform = Transform3D(0.778112, 2.74563e-08, -0.628126, 0.628126, -3.40123e-08, 0.778112, 0, -1, -4.37114e-08, 7.87183, 8.77278, -2.23113)
light_energy = 15.0
shadow_enabled = true
spot_range = 7.38221
spot_angle = 23.2186

[node name="SpotLight3D2" type="SpotLight3D" parent="Lights"]
transform = Transform3D(0.778112, 2.74563e-08, -0.628126, 0.628126, -3.40123e-08, 0.778112, 0, -1, -4.37114e-08, 7.87183, 8.77278, 2.56977)
light_energy = 15.0
shadow_enabled = true
spot_range = 7.38221
spot_angle = 23.2186

[node name="SpotLight3D3" type="SpotLight3D" parent="Lights"]
transform = Transform3D(0.778112, 2.74563e-08, -0.628126, 0.628126, -3.40123e-08, 0.778112, 0, -1, -4.37114e-08, 7.87183, 8.77278, -14.1276)
light_energy = 15.0
shadow_enabled = true
spot_range = 7.38221
spot_angle = 23.2186

[node name="SpotLight3D4" type="SpotLight3D" parent="Lights"]
transform = Transform3D(-0.778243, 7.77295e-08, 0.627963, 0.627963, -2.74491e-08, 0.778243, 7.77295e-08, 1, -2.74491e-08, -7.46867, 8.77278, -2.88874)
light_energy = 15.0
shadow_enabled = true
spot_range = 7.38221
spot_angle = 23.2186

[node name="SpotLight3D7" type="SpotLight3D" parent="Lights"]
transform = Transform3D(1, 0, 0, 0, -4.37114e-08, 1, 0, -1, -4.37114e-08, -9.33288, 5.86296, -15.7896)
light_energy = 20.0
spot_range = 7.38221
spot_angle = 26.2369

[node name="SpotLight3D9" type="SpotLight3D" parent="Lights"]
transform = Transform3D(1, 0, 0, 0, -4.37114e-08, 1, 0, -1, -4.37114e-08, -0.0962152, 5.86296, 0.0138664)
light_energy = 20.0
spot_range = 7.38221
spot_angle = 26.2369

[node name="SpotLight3D10" type="SpotLight3D" parent="Lights"]
transform = Transform3D(1, 0, 0, 0, -0.124987, 0.992158, 0, -0.992158, -0.124987, 5.70234, 10.4275, 19.4547)
light_energy = 20.0
spot_range = 7.38221
spot_angle = 26.2369

[node name="SpotLight3D11" type="SpotLight3D" parent="Lights"]
transform = Transform3D(1, 0, 0, 0, -0.124987, 0.992158, 0, -0.992158, -0.124987, -5.54366, 10.4275, 19.4547)
light_energy = 20.0
spot_range = 7.38221
spot_angle = 26.2369

[node name="SpotLight3D8" type="SpotLight3D" parent="Lights"]
transform = Transform3D(1, 0, 0, 0, -4.37114e-08, 1, 0, -1, -4.37114e-08, 9.0063, 5.85843, 15.0672)
light_energy = 20.0
spot_range = 7.38221
spot_angle = 26.2369

[node name="SpotLight3D5" type="SpotLight3D" parent="Lights"]
transform = Transform3D(-0.778243, 7.77295e-08, 0.627963, 0.627963, -2.74491e-08, 0.778243, 7.77295e-08, 1, -2.74491e-08, -7.46867, 8.77278, 2.01854)
light_energy = 15.0
shadow_enabled = true
spot_range = 7.38221
spot_angle = 23.2186

[node name="SpotLight3D6" type="SpotLight3D" parent="Lights"]
transform = Transform3D(-0.778243, 7.77295e-08, 0.627963, 0.627963, -2.74491e-08, 0.778243, 7.77295e-08, 1, -2.74491e-08, -7.46867, 8.77278, 13.9569)
light_energy = 15.0
shadow_enabled = true
spot_range = 7.38221
spot_angle = 23.2186

[node name="MainLevel" type="Node3D" parent="."]

[node name="Player" parent="MainLevel" instance=ExtResource("1_tdgbu")]
transform = Transform3D(-1, 0, -8.74228e-08, 0, 1, 0, 8.74228e-08, 0, -1, 0, 0, -16.1242)

[node name="Art" type="Node" parent="MainLevel"]

[node name="ArtHitZone" parent="MainLevel/Art" instance=ExtResource("3_bpel4")]
transform = Transform3D(1, 0, 0, 0, 1, 0, 0, 0, 1, 10.6578, 2.06544, 2.51054)

[node name="ArtHitZone2" parent="MainLevel/Art" instance=ExtResource("3_bpel4")]
transform = Transform3D(1, 0, 0, 0, 1, 0, 0, 0, 1, 10.6578, 2.06544, -2.22918)

[node name="ArtHitZone3" parent="MainLevel/Art" instance=ExtResource("3_bpel4")]
transform = Transform3D(1, 0, 0, 0, 1, 0, 0, 0, 1, 10.6578, 2.06544, -14.2995)

[node name="ArtHitZone4" parent="MainLevel/Art" instance=ExtResource("3_bpel4")]
transform = Transform3D(-1, 0, -8.74228e-08, 0, 1, 0, 8.74228e-08, 0, -1, -10.5713, 2.06544, -2.64422)

[node name="ArtHitZone6" parent="MainLevel/Art" instance=ExtResource("3_bpel4")]
transform = Transform3D(-1, 0, -8.74228e-08, 0, 1, 0, 8.74228e-08, 0, -1, -10.5713, 2.06544, 14.1231)

[node name="ArtHitZone5" parent="MainLevel/Art" instance=ExtResource("3_bpel4")]
transform = Transform3D(-1, 0, -8.74228e-08, 0, 1, 0, 8.74228e-08, 0, -1, -10.5713, 2.06544, 2.03824)

[node name="KillZone" type="Area3D" parent="MainLevel"]
transform = Transform3D(1, 0, 0, 0, 1, 0, 0, 0, 1, 0, -13.4326, 0)
collision_layer = 0
collision_mask = 2
script = ExtResource("4_0htb0")

[node name="ObjectKiller" type="CollisionShape3D" parent="MainLevel/KillZone"]
shape = SubResource("BoxShape3D_gdybt")

[node name="Spawner" type="Node3D" parent="MainLevel"]
script = ExtResource("3_o2uc5")

[node name="Environment" parent="MainLevel" instance=ExtResource("4_xrtnw")]

[node name="Camera3D" type="Camera3D" parent="MainLevel"]
transform = Transform3D(-1, -2.31211e-14, -8.74228e-08, -7.50411e-08, 0.513032, 0.858369, 4.48507e-08, 0.858369, -0.513032, 0, 50.4216, -31.3754)
fov = 50.0

[node name="TrashZone" type="Area3D" parent="MainLevel"]
transform = Transform3D(1, 0, 0, 0, 1, 0, 0, 0, 1, 9.41601, 0.198673, 14.9181)
collision_mask = 2
script = ExtResource("7_718g0")

[node name="CollisionShape3D" type="CollisionShape3D" parent="MainLevel/TrashZone"]
transform = Transform3D(1, 0, 0, 0, 1, 0, 0, 0, 1, -0.0904074, 1.22104, 0)
shape = SubResource("CylinderShape3D_iiq1s")

[node name="TrashZone2" type="Area3D" parent="MainLevel"]
transform = Transform3D(1, 0, 0, 0, 1, 0, 0, 0, 1, -9.21416, 0.198673, -15.8532)
collision_mask = 2
script = ExtResource("7_718g0")

[node name="CollisionShape3D" type="CollisionShape3D" parent="MainLevel/TrashZone2"]
transform = Transform3D(1, 0, 0, 0, 1, 0, 0, 0, 1, -0.0904074, 1.22104, 0)
shape = SubResource("CylinderShape3D_iiq1s")

[node name="glow" parent="MainLevel" instance=ExtResource("8_snl1h")]
transform = Transform3D(1, 0, 0, 0, 1, 0, 0, 0, 1, 9.31026, 0.033689, 14.9091)

[node name="glow2" parent="MainLevel" instance=ExtResource("8_snl1h")]
transform = Transform3D(1, 0, 0, 0, 1, 0, 0, 0, 1, -9.26977, 0.033689, -15.8464)

[node name="PauseMenu" parent="." instance=ExtResource("4_schgf")]

[node name="PauseButton" parent="PauseMenu" index="1"]
theme = SubResource("Theme_koqp0")

[node name="PauseMenu" parent="PauseMenu" index="2"]
theme = SubResource("Theme_koqp0")

[node name="Label" parent="PauseMenu/PauseMenu/CenterContainer/PanelContainer/MarginContainer/VBoxContainer" index="0"]
theme = SubResource("Theme_koqp0")

[node name="ResumeButton" parent="PauseMenu/PauseMenu/CenterContainer/PanelContainer/MarginContainer/VBoxContainer" index="2"]
theme = SubResource("Theme_koqp0")

[node name="QuitButton" parent="PauseMenu/PauseMenu/CenterContainer/PanelContainer/MarginContainer/VBoxContainer" index="3"]
theme = SubResource("Theme_koqp0")

[node name="Gui" parent="." instance=ExtResource("8_3hmxi")]

[connection signal="body_entered" from="MainLevel/KillZone" to="MainLevel/KillZone" method="_on_body_entered"]
[connection signal="body_entered" from="MainLevel/TrashZone" to="MainLevel/TrashZone" method="_on_body_entered"]
[connection signal="body_entered" from="MainLevel/TrashZone2" to="MainLevel/TrashZone2" method="_on_body_entered"]

[editable path="PauseMenu"]
